pile1,355240.052,4348685.717,0.000,
pile2,355240.052,4348688.392,0.000,
pile3,355242.358,4348685.717,0.000,
pile4,355242.358,4348688.392,0.000,
pile5,355245.820,4348685.717,0.000,
pile6,355245.820,4348688.392,0.000,
pile7,355249.290,4348685.717,0.000,
pile8,355249.290,4348688.392,0.000,
pile9,355252.762,4348685.717,0.000,
pile10,355252.762,4348688.392,0.000,
pile11,355256.223,4348685.717,0.000,
pile12,355256.223,4348688.392,0.000,
pile13,355259.675,4348685.717,0.000,
pile14,355259.675,4348688.392,0.000,
pile15,355263.126,4348685.717,0.000,
pile16,355263.126,4348688.392,0.000,
pile17,355265.424,4348685.717,0.000,
pile18,355265.424,4348688.392,0.000,
pile19,355267.725,4348685.717,0.000,
pile20,355267.725,4348688.392,0.000,
pile21,355270.031,4348685.717,0.000,
pile22,355270.031,4348688.392,0.000,
pile23,355225.496,4348678.117,0.000,
pile24,355225.496,4348680.792,0.000,
pile25,355227.806,4348678.117,0.000,
pile26,355227.806,4348680.792,0.000,
pile27,355231.271,4348678.117,0.000,
pile28,355231.271,4348680.792,0.000,
pile29,355234.721,4348678.117,0.000,
pile30,355234.721,4348680.792,0.000,
pile31,355238.157,4348678.117,0.000,
pile32,355238.157,4348680.792,0.000,
pile33,355241.599,4348678.117,0.000,
pile34,355241.599,4348680.792,0.000,
pile35,355245.046,4348678.117,0.000,
pile36,355245.046,4348680.792,0.000,
pile37,355248.497,4348678.117,0.000,
pile38,355248.497,4348680.792,0.000,
pile39,355251.948,4348678.117,0.000,
pile40,355251.948,4348680.792,0.000,
pile41,355255.401,4348678.117,0.000,
pile42,355255.401,4348680.792,0.000,
pile43,355258.862,4348678.117,0.000,
pile44,355258.862,4348680.792,0.000,
pile45,355262.324,4348678.117,0.000,
pile46,355262.324,4348680.792,0.000,
pile47,355265.781,4348678.117,0.000,
pile48,355265.781,4348680.792,0.000,
pile49,355269.246,4348678.117,0.000,
pile50,355269.246,4348680.792,0.000,
pile51,355271.556,4348678.117,0.000,
pile52,355271.556,4348680.792,0.000,
pile53,355226.971,4348670.517,0.000,
pile54,355226.971,4348673.192,0.000,
pile55,355229.284,4348670.517,0.000,
pile56,355229.284,4348673.192,0.000,
pile57,355232.751,4348670.517,0.000,
pile58,355232.751,4348673.192,0.000,
pile59,355236.204,4348670.517,0.000,
pile60,355236.204,4348673.192,0.000,
pile61,355239.639,4348670.517,0.000,
pile62,355239.639,4348673.192,0.000,
pile63,355243.065,4348670.517,0.000,
pile64,355243.065,4348673.192,0.000,
pile65,355246.494,4348670.517,0.000,
pile66,355246.494,4348673.192,0.000,
pile67,355249.938,4348670.517,0.000,
pile68,355249.938,4348673.192,0.000,
pile69,355253.387,4348670.517,0.000,
pile70,355253.387,4348673.192,0.000,
pile71,355256.826,4348670.517,0.000,
pile72,355256.826,4348673.192,0.000,
pile73,355260.271,4348670.517,0.000,
pile74,355260.271,4348673.192,0.000,
pile75,355263.733,4348670.517,0.000,
pile76,355263.733,4348673.192,0.000,
pile77,355267.194,4348670.517,0.000,
pile78,355267.194,4348673.192,0.000,
pile79,355270.665,4348670.517,0.000,
pile80,355270.665,4348673.192,0.000,
pile81,355272.983,4348670.517,0.000,
pile82,355272.983,4348673.192,0.000,
pile83,355228.453,4348662.917,0.000,
pile84,355228.453,4348665.592,0.000,
pile85,355230.759,4348662.917,0.000,
pile86,355230.759,4348665.592,0.000,
pile87,355234.208,4348662.917,0.000,
pile88,355234.208,4348665.592,0.000,
pile89,355237.653,4348662.917,0.000,
pile90,355237.653,4348665.592,0.000,
pile91,355241.092,4348662.917,0.000,
pile92,355241.092,4348665.592,0.000,
pile93,355244.526,4348662.917,0.000,
pile94,355244.526,4348665.592,0.000,
pile95,355247.958,4348662.917,0.000,
pile96,355247.958,4348665.592,0.000,
pile97,355251.396,4348662.917,0.000,
pile98,355251.396,4348665.592,0.000,
pile99,355254.845,4348662.917,0.000,
pile100,355254.845,4348665.592,0.000,
pile101,355258.289,4348662.917,0.000,
pile102,355258.289,4348665.592,0.000,
pile103,355261.735,4348662.917,0.000,
pile104,355261.735,4348665.592,0.000,
pile105,355265.191,4348662.917,0.000,
pile106,355265.191,4348665.592,0.000,
pile107,355268.659,4348662.917,0.000,
pile108,355268.659,4348665.592,0.000,
pile109,355272.134,4348662.917,0.000,
pile110,355272.134,4348665.592,0.000,
pile111,355274.453,4348662.917,0.000,
pile112,355274.453,4348665.592,0.000,
pile113,355009.634,4348632.517,0.000,
pile114,355009.634,4348635.192,0.000,
pile115,355011.942,4348632.517,0.000,
pile116,355011.942,4348635.192,0.000,
pile117,355015.398,4348632.517,0.000,
pile118,355015.398,4348635.192,0.000,
pile119,355018.847,4348632.517,0.000,
pile120,355018.847,4348635.192,0.000,
pile121,355022.296,4348632.517,0.000,
pile122,355022.296,4348635.192,0.000,
pile123,355025.746,4348632.517,0.000,
pile124,355025.746,4348635.192,0.000,
pile125,355029.192,4348632.517,0.000,
pile126,355029.192,4348635.192,0.000,
pile127,355032.632,4348632.517,0.000,
pile128,355032.632,4348635.192,0.000,
pile129,355036.076,4348632.517,0.000,
pile130,355036.076,4348635.192,0.000,
pile131,355039.520,4348632.517,0.000,
pile132,355039.520,4348635.192,0.000,
pile133,355042.959,4348632.517,0.000,
pile134,355042.959,4348635.192,0.000,
pile135,355046.394,4348632.517,0.000,
pile136,355046.394,4348635.192,0.000,
pile137,355049.830,4348632.517,0.000,
pile138,355049.830,4348635.192,0.000,
pile139,355053.271,4348632.517,0.000,
pile140,355053.271,4348635.192,0.000,
pile141,355056.715,4348632.517,0.000,
pile142,355056.715,4348635.192,0.000,
pile143,355060.158,4348632.517,0.000,
pile144,355060.158,4348635.192,0.000,
pile145,355063.601,4348632.517,0.000,
pile146,355063.601,4348635.192,0.000,
pile147,355067.042,4348632.517,0.000,
pile148,355067.042,4348635.192,0.000,
pile149,355070.484,4348632.517,0.000,
pile150,355070.484,4348635.192,0.000,
pile151,355073.934,4348632.517,0.000,
pile152,355073.934,4348635.192,0.000,
pile153,355077.387,4348632.517,0.000,
pile154,355077.387,4348635.192,0.000,
pile155,355080.840,4348632.517,0.000,
pile156,355080.840,4348635.192,0.000,
pile157,355084.302,4348632.517,0.000,
pile158,355084.302,4348635.192,0.000,
pile159,355087.761,4348632.517,0.000,
pile160,355087.761,4348635.192,0.000,
pile161,355091.214,4348632.517,0.000,
pile162,355091.214,4348635.192,0.000,
pile163,355094.655,4348632.517,0.000,
pile164,355094.655,4348635.192,0.000,
pile165,355098.080,4348632.517,0.000,
pile166,355098.080,4348635.192,0.000,
pile167,355101.501,4348632.517,0.000,
pile168,355101.501,4348635.192,0.000,
pile169,355104.938,4348632.517,0.000,
pile170,355104.938,4348635.192,0.000,
pile171,355108.392,4348632.517,0.000,
pile172,355108.392,4348635.192,0.000,
pile173,355111.847,4348632.517,0.000,
pile174,355111.847,4348635.192,0.000,
pile175,355115.297,4348632.517,0.000,
pile176,355115.297,4348635.192,0.000,
pile177,355118.745,4348632.517,0.000,
pile178,355118.745,4348635.192,0.000,
pile179,355122.203,4348632.517,0.000,
pile180,355122.203,4348635.192,0.000,
pile181,355125.670,4348632.517,0.000,
pile182,355125.670,4348635.192,0.000,
pile183,355129.138,4348632.517,0.000,
pile184,355129.138,4348635.192,0.000,
pile185,355132.596,4348632.517,0.000,
pile186,355132.596,4348635.192,0.000,
pile187,355136.044,4348632.517,0.000,
pile188,355136.044,4348635.192,0.000,
pile189,355139.496,4348632.517,0.000,
pile190,355139.496,4348635.192,0.000,
pile191,355142.968,4348632.517,0.000,
pile192,355142.968,4348635.192,0.000,
pile193,355146.452,4348632.517,0.000,
pile194,355146.452,4348635.192,0.000,
pile195,355149.931,4348632.517,0.000,
pile196,355149.931,4348635.192,0.000,
pile197,355153.406,4348632.517,0.000,
pile198,355153.406,4348635.192,0.000,
pile199,355156.891,4348632.517,0.000,
pile200,355156.891,4348635.192,0.000,
pile201,355160.384,4348632.517,0.000,
pile202,355160.384,4348635.192,0.000,
pile203,355163.875,4348632.517,0.000,
pile204,355163.875,4348635.192,0.000,
pile205,355167.364,4348632.517,0.000,
pile206,355167.364,4348635.192,0.000,
pile207,355170.854,4348632.517,0.000,
pile208,355170.854,4348635.192,0.000,
pile209,355174.346,4348632.517,0.000,
pile210,355174.346,4348635.192,0.000,
pile211,355177.839,4348632.517,0.000,
pile212,355177.839,4348635.192,0.000,
pile213,355181.331,4348632.517,0.000,
pile214,355181.331,4348635.192,0.000,
pile215,355184.824,4348632.517,0.000,
pile216,355184.824,4348635.192,0.000,
pile217,355188.319,4348632.517,0.000,
pile218,355188.319,4348635.192,0.000,
pile219,355191.813,4348632.517,0.000,
pile220,355191.813,4348635.192,0.000,
pile221,355195.300,4348632.517,0.000,
pile222,355195.300,4348635.192,0.000,
pile223,355198.783,4348632.517,0.000,
pile224,355198.783,4348635.192,0.000,
pile225,355202.265,4348632.517,0.000,
pile226,355202.265,4348635.192,0.000,
pile227,355205.740,4348632.517,0.000,
pile228,355205.740,4348635.192,0.000,
pile229,355209.210,4348632.517,0.000,
pile230,355209.210,4348635.192,0.000,
pile231,355212.678,4348632.517,0.000,
pile232,355212.678,4348635.192,0.000,
pile233,355216.153,4348632.517,0.000,
pile234,355216.153,4348635.192,0.000,
pile235,355219.630,4348632.517,0.000,
pile236,355219.630,4348635.192,0.000,
pile237,355223.098,4348632.517,0.000,
pile238,355223.098,4348635.192,0.000,
pile239,355226.559,4348632.517,0.000,
pile240,355226.559,4348635.192,0.000,
pile241,355230.003,4348632.517,0.000,
pile242,355230.003,4348635.192,0.000,
pile243,355233.429,4348632.517,0.000,
pile244,355233.429,4348635.192,0.000,
pile245,355236.857,4348632.517,0.000,
pile246,355236.857,4348635.192,0.000,
pile247,355240.300,4348632.517,0.000,
pile248,355240.300,4348635.192,0.000,
pile249,355243.742,4348632.517,0.000,
pile250,355243.742,4348635.192,0.000,
pile251,355247.174,4348632.517,0.000,
pile252,355247.174,4348635.192,0.000,
pile253,355250.605,4348632.517,0.000,
pile254,355250.605,4348635.192,0.000,
pile255,355254.009,4348632.517,0.000,
pile256,355254.009,4348635.192,0.000,
pile257,355257.404,4348632.517,0.000,
pile258,355257.404,4348635.192,0.000,
pile259,355260.850,4348632.517,0.000,
pile260,355260.850,4348635.192,0.000,
pile261,355264.331,4348632.517,0.000,
pile262,355264.331,4348635.192,0.000,
pile263,355267.820,4348632.517,0.000,
pile264,355267.820,4348635.192,0.000,
pile265,355271.288,4348632.517,0.000,
pile266,355271.288,4348635.192,0.000,
pile267,355274.729,4348632.517,0.000,
pile268,355274.729,4348635.192,0.000,
pile269,355277.021,4348632.517,0.000,
pile270,355277.021,4348635.192,0.000,
pile271,355279.313,4348632.517,0.000,
pile272,355279.313,4348635.192,0.000,
pile273,355281.606,4348632.517,0.000,
pile274,355281.606,4348635.192,0.000,
pile275,355165.498,4348204.620,0.000,
pile276,355165.498,4348207.295,0.000,
pile277,355167.823,4348204.620,0.000,
pile278,355167.823,4348207.295,0.000,
pile279,355171.306,4348204.620,0.000,
pile280,355171.306,4348207.295,0.000,
pile281,355174.786,4348204.620,0.000,
pile282,355174.786,4348207.295,0.000,
pile283,355178.268,4348204.620,0.000,
pile284,355178.268,4348207.295,0.000,
pile285,355181.745,4348204.620,0.000,
pile286,355181.745,4348207.295,0.000,
pile287,355185.216,4348204.620,0.000,
pile288,355185.216,4348207.295,0.000,
pile289,355188.684,4348204.620,0.000,
pile290,355188.684,4348207.295,0.000,
pile291,355192.151,4348204.620,0.000,
pile292,355192.151,4348207.295,0.000,
pile293,355195.614,4348204.620,0.000,
pile294,355195.614,4348207.295,0.000,
pile295,355199.078,4348204.620,0.000,
pile296,355199.078,4348207.295,0.000,
pile297,355202.539,4348204.620,0.000,
pile298,355202.539,4348207.295,0.000,
pile299,355205.993,4348204.620,0.000,
pile300,355205.993,4348207.295,0.000,
pile301,355209.448,4348204.620,0.000,
pile302,355209.448,4348207.295,0.000,
pile303,355212.923,4348204.620,0.000,
pile304,355212.923,4348207.295,0.000,
pile305,355216.402,4348204.620,0.000,
pile306,355216.402,4348207.295,0.000,
pile307,355219.854,4348204.620,0.000,
pile308,355219.854,4348207.295,0.000,
pile309,355223.294,4348204.620,0.000,
pile310,355223.294,4348207.295,0.000,
pile311,355226.744,4348204.620,0.000,
pile312,355226.744,4348207.295,0.000,
pile313,355230.201,4348204.620,0.000,
pile314,355230.201,4348207.295,0.000,
pile315,355233.665,4348204.620,0.000,
pile316,355233.665,4348207.295,0.000,
pile317,355237.128,4348204.620,0.000,
pile318,355237.128,4348207.295,0.000,
pile319,355240.582,4348204.620,0.000,
pile320,355240.582,4348207.295,0.000,
pile321,355244.041,4348204.620,0.000,
pile322,355244.041,4348207.295,0.000,
pile323,355247.494,4348204.620,0.000,
pile324,355247.494,4348207.295,0.000,
pile325,355250.938,4348204.620,0.000,
pile326,355250.938,4348207.295,0.000,
pile327,355254.404,4348204.620,0.000,
pile328,355254.404,4348207.295,0.000,
pile329,355257.885,4348204.620,0.000,
pile330,355257.885,4348207.295,0.000,
pile331,355261.372,4348204.620,0.000,
pile332,355261.372,4348207.295,0.000,
pile333,355264.863,4348204.620,0.000,
pile334,355264.863,4348207.295,0.000,
pile335,355268.358,4348204.620,0.000,
pile336,355268.358,4348207.295,0.000,
pile337,355271.852,4348204.620,0.000,
pile338,355271.852,4348207.295,0.000,
pile339,355275.345,4348204.620,0.000,
pile340,355275.345,4348207.295,0.000,
pile341,355278.837,4348204.620,0.000,
pile342,355278.837,4348207.295,0.000,
pile343,355282.328,4348204.620,0.000,
pile344,355282.328,4348207.295,0.000,
pile345,355285.818,4348204.620,0.000,
pile383,355214.090,4348197.020,0.000,
pile384,355214.090,4348199.695,0.000,
pile385,355217.560,4348197.020,0.000,
pile386,355217.560,4348199.695,0.000,
pile387,355221.014,4348197.020,0.000,
pile388,355221.014,4348199.695,0.000,
pile389,355224.466,4348197.020,0.000,
pile390,355224.466,4348199.695,0.000,
pile391,355227.928,4348197.020,0.000,
pile392,355227.928,4348199.695,0.000,
pile393,355231.390,4348197.020,0.000,
pile394,355231.390,4348199.695,0.000,
pile395,355234.847,4348197.020,0.000,
pile396,355234.847,4348199.695,0.000,
pile397,355238.312,4348197.020,0.000,
pile398,355238.312,4348199.695,0.000,
pile399,355241.781,4348197.020,0.000,
pile400,355241.781,4348199.695,0.000,
pile401,355245.247,4348197.020,0.000,
pile402,355245.247,4348199.695,0.000,
pile403,355248.706,4348197.020,0.000,
pile404,355248.706,4348199.695,0.000,
pile405,355252.158,4348197.020,0.000,
pile406,355252.158,4348199.695,0.000,
pile407,355255.623,4348197.020,0.000,
pile408,355255.623,4348199.695,0.000,
pile409,355259.105,4348197.020,0.000,
pile410,355259.105,4348199.695,0.000,
pile411,355262.591,4348197.020,0.000,
pile412,355262.591,4348199.695,0.000,
pile413,355266.074,4348197.020,0.000,
pile414,355266.074,4348199.695,0.000,
pile415,355269.565,4348197.020,0.000,
pile416,355269.565,4348199.695,0.000,
pile417,355273.060,4348197.020,0.000,
pile418,355273.060,4348199.695,0.000,
pile419,355276.554,4348197.020,0.000,
pile420,355276.554,4348199.695,0.000,
pile421,355280.047,4348197.020,0.000,
pile422,355280.047,4348199.695,0.000,
pile423,355283.539,4348197.020,0.000,
pile424,355283.539,4348199.695,0.000,
pile425,355285.867,4348197.020,0.000,
pile426,355285.867,4348199.695,0.000,
pile427,355288.196,4348197.020,0.000,
pile428,355288.196,4348199.695,0.000,
pile429,355290.523,4348197.020,0.000,
pile430,355290.523,4348199.695,0.000,
pile431,360598.255,4345956.228,0.000,
pile432,360595.931,4345956.228,0.000,
pile433,360592.440,4345956.228,0.000,
pile434,360588.946,4345956.228,0.000,
pile435,360585.452,4345956.228,0.000,
pile436,360581.957,4345956.228,0.000,
pile437,360578.463,4345956.228,0.000,
pile438,360574.968,4345956.228,0.000,
pile439,360571.475,4345956.228,0.000,
pile440,360567.984,4345956.228,0.000,
pile441,360564.497,4345956.228,0.000,
pile442,360561.010,4345956.228,0.000,
pile443,360557.521,4345956.228,0.000,
pile444,360554.034,4345956.228,0.000,
pile445,360550.540,4345956.228,0.000,
pile446,360547.048,4345956.228,0.000,
pile447,360543.566,4345956.228,0.000,
pile448,360540.092,4345956.228,0.000,
pile449,360536.612,4345956.228,0.000,
pile450,360533.135,4345956.228,0.000,
pile451,360529.652,4345956.228,0.000,
pile452,360526.171,4345956.228,0.000,
pile453,360522.693,4345956.228,0.000,
pile454,360519.208,4345956.228,0.000,
pile455,360515.722,4345956.228,0.000,
pile456,360512.231,4345956.228,0.000,
pile457,360508.737,4345956.228,0.000,
pile458,360505.251,4345956.228,0.000,
pile459,360501.774,4345956.228,0.000,
pile460,360498.297,4345956.228,0.000,
pile461,360494.823,4345956.228,0.000,
pile462,360491.345,4345956.228,0.000,
pile463,360487.860,4345956.228,0.000,
pile464,360484.373,4345956.228,0.000,
pile465,360480.880,4345956.228,0.000,
pile466,360477.385,4345956.228,0.000,
pile467,360473.890,4345956.228,0.000,
pile468,360470.397,4345956.228,0.000,
pile469,360466.904,4345956.228,0.000,
pile470,360463.411,4345956.228,0.000,
pile471,360459.918,4345956.228,0.000,
pile472,360456.426,4345956.228,0.000,
pile473,360454.098,4345956.228,0.000,
pile474,360578.790,4345966.228,0.000,
pile475,360576.461,4345966.228,0.000,
pile476,360574.131,4345966.228,0.000,
pile477,360571.801,4345966.228,0.000,
pile478,360568.308,4345966.228,0.000,
pile479,360564.817,4345966.228,0.000,
pile480,360561.326,4345966.228,0.000,
pile481,360557.835,4345966.228,0.000,
pile482,360554.344,4345966.228,0.000,
pile483,360550.850,4345966.228,0.000,
pile484,360547.358,4345966.228,0.000,
pile485,360543.869,4345966.228,0.000,
pile486,360540.387,4345966.228,0.000,
pile487,360536.910,4345966.228,0.000,
pile488,360533.434,4345966.228,0.000,
pile489,360529.951,4345966.228,0.000,
pile490,360526.467,4345966.228,0.000,
pile491,360522.985,4345966.228,0.000,
pile492,360519.499,4345966.228,0.000,
pile493,360516.011,4345966.228,0.000,
pile494,360512.526,4345966.228,0.000,
pile495,360509.032,4345966.228,0.000,
pile496,360505.538,4345966.228,0.000,
pile497,360502.056,4345966.228,0.000,
pile498,360498.577,4345966.228,0.000,
pile499,360495.099,4345966.228,0.000,
pile500,360491.616,4345966.228,0.000,
pile501,360488.129,4345966.228,0.000,
pile502,360484.641,4345966.228,0.000,
pile503,360481.148,4345966.228,0.000,
pile504,360477.654,4345966.228,0.000,
pile505,360474.159,4345966.228,0.000,
pile506,360470.665,4345966.228,0.000,
pile507,360467.172,4345966.228,0.000,
pile508,360463.678,4345966.228,0.000,
pile509,360460.187,4345966.228,0.000,
pile510,360456.697,4345966.228,0.000,
pile511,360453.205,4345966.228,0.000,
pile512,360450.877,4345966.228,0.000,
pile513,360557.521,4345958.903,0.000,
pile514,360550.540,4345958.903,0.000,
pile515,360547.048,4345958.903,0.000,
pile516,360561.326,4345968.903,0.000,
pile517,360557.835,4345968.903,0.000,
pile518,360554.344,4345968.903,0.000,
pile519,360550.850,4345968.903,0.000,
pile520,360547.358,4345968.903,0.000,
pile521,360543.869,4345968.903,0.000,
pile522,360540.387,4345968.903,0.000,
pile523,360529.951,4345968.903,0.000,
pile524,360526.467,4345968.903,0.000,
pile525,360519.499,4345968.903,0.000,
pile526,360509.032,4345968.903,0.000,
pile527,360598.255,4345958.903,0.000,
pile528,360592.440,4345958.903,0.000,
pile529,360588.946,4345958.903,0.000,
pile530,360585.452,4345958.903,0.000,
pile531,360581.957,4345958.903,0.000,
pile532,360578.463,4345958.903,0.000,
pile533,360574.968,4345958.903,0.000,
pile534,360571.475,4345958.903,0.000,
pile535,360567.984,4345958.903,0.000,
pile536,360564.497,4345958.903,0.000,
pile537,360561.010,4345958.903,0.000,
pile538,360554.034,4345958.903,0.000,
pile539,360543.566,4345958.903,0.000,
pile540,360540.092,4345958.903,0.000,
pile541,360536.612,4345958.903,0.000,
pile542,360533.135,4345958.903,0.000,
pile543,360529.652,4345958.903,0.000,
pile544,360526.171,4345958.903,0.000,
pile545,360522.693,4345958.903,0.000,
pile546,360519.208,4345958.903,0.000,
pile547,360515.722,4345958.903,0.000,
pile548,360512.231,4345958.903,0.000,
pile549,360508.737,4345958.903,0.000,
pile550,360505.251,4345958.903,0.000,
pile551,360501.774,4345958.903,0.000,
pile552,360498.297,4345958.903,0.000,
pile553,360494.823,4345958.903,0.000,
pile554,360491.345,4345958.903,0.000,
pile555,360487.860,4345958.903,0.000,
pile556,360484.373,4345958.903,0.000,
pile557,360480.880,4345958.903,0.000,
pile558,360477.385,4345958.903,0.000,
pile559,360473.890,4345958.903,0.000,
pile560,360470.397,4345958.903,0.000,
pile561,360466.904,4345958.903,0.000,
pile562,360463.411,4345958.903,0.000,
pile563,360459.918,4345958.903,0.000,
pile564,360456.426,4345958.903,0.000,
pile565,360454.098,4345958.903,0.000,
pile566,360578.790,4345968.903,0.000,
pile567,360576.461,4345968.903,0.000,
pile568,360574.131,4345968.903,0.000,
pile569,360571.801,4345968.903,0.000,
pile570,360568.308,4345968.903,0.000,
pile571,360564.817,4345968.903,0.000,
pile572,360536.910,4345968.903,0.000,
pile573,360533.434,4345968.903,0.000,
pile574,360522.985,4345968.903,0.000,
pile575,360516.011,4345968.903,0.000,
pile576,360512.526,4345968.903,0.000,
pile577,360505.538,4345968.903,0.000,
pile578,360502.056,4345968.903,0.000,
pile579,360498.577,4345968.903,0.000,
pile580,360495.099,4345968.903,0.000,
pile581,360491.616,4345968.903,0.000,
pile582,360488.129,4345968.903,0.000,
pile583,360484.641,4345968.903,0.000,
pile584,360481.148,4345968.903,0.000,
pile585,360477.654,4345968.903,0.000,
pile586,360474.159,4345968.903,0.000,
pile587,360470.665,4345968.903,0.000,
pile588,360467.172,4345968.903,0.000,
pile589,360463.678,4345968.903,0.000,
pile590,360460.187,4345968.903,0.000,
pile591,360456.697,4345968.903,0.000,
pile592,360453.205,4345968.903,0.000,
pile593,360450.877,4345968.903,0.000,
pile594,360595.931,4345958.903,0.000,
pile595,355302.100,4348569.918,0.000,
pile596,355303.819,4348571.967,0.000,
pile597,355303.879,4348568.425,0.000,
pile598,355305.599,4348570.474,0.000,
pile599,355306.546,4348566.187,0.000,
pile600,355308.266,4348568.236,0.000,
pile601,355309.211,4348563.951,0.000,
pile602,355310.931,4348566.000,0.000,
pile603,355311.881,4348561.710,0.000,
pile604,355313.601,4348563.759,0.000,
pile605,355314.552,4348559.469,0.000,
pile606,355316.272,4348561.518,0.000,
pile607,355317.223,4348557.228,0.000,
pile608,355318.943,4348559.277,0.000,
pile609,355319.893,4348554.988,0.000,
pile610,355321.613,4348557.037,0.000,
pile611,355322.562,4348552.748,0.000,
pile612,355324.282,4348554.797,0.000,
pile613,355325.234,4348550.506,0.000,
pile614,355326.954,4348552.555,0.000,
pile615,355327.910,4348548.261,0.000,
pile616,355329.629,4348550.310,0.000,
pile617,355330.585,4348546.016,0.000,
pile618,355332.305,4348548.065,0.000,
pile619,355333.259,4348543.772,0.000,
pile620,355334.979,4348545.821,0.000,
pile621,355335.934,4348541.528,0.000,
pile622,355337.654,4348543.577,0.000,
pile623,355338.608,4348539.284,0.000,
pile624,355340.328,4348541.333,0.000,
pile625,355341.281,4348537.041,0.000,
pile626,355343.001,4348539.090,0.000,
pile627,355343.956,4348534.797,0.000,
pile628,355345.675,4348536.846,0.000,
pile629,355346.631,4348532.552,0.000,
pile630,355348.350,4348534.601,0.000,
pile631,355349.304,4348530.309,0.000,
pile632,355351.023,4348532.358,0.000,
pile633,355351.978,4348528.065,0.000,
pile634,355353.698,4348530.114,0.000,
pile635,355354.655,4348525.819,0.000,
pile636,355356.374,4348527.868,0.000,
pile637,355357.332,4348523.573,0.000,
pile638,355359.051,4348525.622,0.000,
pile639,355360.008,4348521.327,0.000,
pile640,355361.727,4348523.376,0.000,
pile641,355362.682,4348519.084,0.000,
pile642,355364.401,4348521.133,0.000,
pile643,355365.351,4348516.844,0.000,
pile644,355367.070,4348518.893,0.000,
pile645,355368.017,4348514.607,0.000,
pile646,355369.736,4348516.656,0.000,
pile647,355370.684,4348512.369,0.000,
pile648,355372.403,4348514.418,0.000,
pile649,355373.354,4348510.128,0.000,
pile650,355375.074,4348512.177,0.000,
pile651,355375.137,4348508.633,0.000,
pile652,355376.856,4348510.682,0.000,
pile653,355303.865,4348558.517,0.000,
pile654,355305.584,4348560.566,0.000,
pile655,355305.642,4348557.025,0.000,
pile656,355307.361,4348559.075,0.000,
pile657,355308.311,4348554.786,0.000,
pile658,355310.031,4348556.835,0.000,
pile659,355310.985,4348552.542,0.000,
pile660,355312.705,4348554.591,0.000,
pile661,355313.660,4348550.297,0.000,
pile662,355315.380,4348552.347,0.000,
pile663,355316.333,4348548.055,0.000,
pile664,355318.052,4348550.104,0.000,
pile665,355319.006,4348545.812,0.000,
pile666,355320.725,4348547.861,0.000,
pile667,355321.679,4348543.569,0.000,
pile668,355323.398,4348545.618,0.000,
pile669,355324.351,4348541.327,0.000,
pile670,355326.071,4348543.376,0.000,
pile671,355327.026,4348539.082,0.000,
pile672,355328.745,4348541.131,0.000,
pile673,355329.702,4348536.836,0.000,
pile674,355331.422,4348538.886,0.000,
pile675,355332.378,4348534.592,0.000,
pile676,355334.097,4348536.641,0.000,
pile677,355335.052,4348532.348,0.000,
pile678,355336.771,4348534.397,0.000,
pile679,355337.725,4348530.105,0.000,
pile680,355339.444,4348532.154,0.000,
pile681,355339.508,4348528.609,0.000,
pile682,355341.227,4348530.658,0.000,
