pile276,355165.498,4348207.295,0.000,
pile277,355167.823,4348204.62,0.000,
pile278,355167.823,4348207.295,0.000,
pile279,355171.306,4348204.62,0.000,
pile280,355171.306,4348207.295,0.000,
pile281,355174.786,4348204.62,0.000,
pile282,355174.786,4348207.295,0.000,
pile283,355178.268,4348204.62,0.000,
pile284,355178.268,4348207.295,0.000,
pile285,355181.745,4348204.62,0.000,
pile286,355181.745,4348207.295,0.000,
pile287,355185.216,4348204.62,0.000,
pile288,355185.216,4348207.295,0.000,
pile289,355188.684,4348204.62,0.000,
pile290,355188.684,4348207.295,0.000,
pile291,355192.151,4348204.62,0.000,
pile292,355192.151,4348207.295,0.000,
pile293,355195.614,4348204.62,0.000,
pile294,355195.614,4348207.295,0.000,
pile295,355199.078,4348204.62,0.000,
pile296,355199.078,4348207.295,0.000,
pile297,355202.539,4348204.62,0.000,
pile298,355202.539,4348207.295,0.000,
pile299,355205.993,4348204.62,0.000,
pile300,355205.993,4348207.295,0.000,
pile301,355209.448,4348204.62,0.000,
pile302,355209.448,4348207.295,0.000,
pile303,355212.923,4348204.62,0.000,
pile304,355212.923,4348207.295,0.000,
pile305,355216.402,4348204.62,0.000,
pile306,355216.402,4348207.295,0.000,
pile307,355219.854,4348204.62,0.000,
pile308,355219.854,4348207.295,0.000,
pile309,355223.294,4348204.62,0.000,
pile310,355223.294,4348207.295,0.000,
pile311,355226.744,4348204.62,0.000,
pile312,355226.744,4348207.295,0.000,
pile313,355230.201,4348204.62,0.000,
pile314,355230.201,4348207.295,0.000,
pile315,355233.665,4348204.62,0.000,
pile316,355233.665,4348207.295,0.000,
pile317,355237.128,4348204.62,0.000,
pile318,355237.128,4348207.295,0.000,
pile319,355240.582,4348204.62,0.000,
pile320,355240.582,4348207.295,0.000,
pile321,355244.041,4348204.62,0.000,
pile322,355244.041,4348207.295,0.000,
pile323,355247.494,4348204.62,0.000,
pile324,355247.494,4348207.295,0.000,
pile325,355250.938,4348204.62,0.000,
pile326,355250.938,4348207.295,0.000,
pile327,355254.404,4348204.62,0.000,
pile328,355254.404,4348207.295,0.000,
pile329,355257.885,4348204.62,0.000,
pile330,355257.885,4348207.295,0.000,
pile331,355261.372,4348204.62,0.000,
pile332,355261.372,4348207.295,0.000,
pile333,355264.863,4348204.62,0.000,
pile334,355264.863,4348207.295,0.000,
pile335,355268.358,4348204.62,0.000,
pile336,355268.358,4348207.295,0.000,
pile337,355271.852,4348204.62,0.000,
pile338,355271.852,4348207.295,0.000,
pile339,355275.345,4348204.62,0.000,
pile340,355275.345,4348207.295,0.000,
pile341,355278.837,4348204.62,0.000,
pile342,355278.837,4348207.295,0.000,
pile343,355282.328,4348204.62,0.000,
pile344,355282.328,4348207.295,0.000,
pile345,355285.818,4348204.62,0.000,
pile346,355285.818,4348207.295,0.000,
pile347,355288.144,4348204.62,0.000,
pile348,355288.144,4348207.295,0.000,
pile349,355290.473,4348204.62,0.000,
pile350,355290.473,4348207.295,0.000,
pile351,355292.801,4348204.62,0.000,
pile352,355292.801,4348207.295,0.000,
pile353,355163.172,4348197.02,0.000,
pile354,355163.172,4348199.695,0.000,
pile355,355165.477,4348197.02,0.000,
pile356,355165.477,4348199.695,0.000,
pile357,355168.956,4348197.02,0.000,
pile358,355168.956,4348199.695,0.000,
pile359,355172.451,4348197.02,0.000,
pile360,355172.451,4348199.695,0.000,
pile361,355175.941,4348197.02,0.000,
pile362,355175.941,4348199.695,0.000,
pile363,355179.416,4348197.02,0.000,
pile364,355179.416,4348199.695,0.000,
pile365,355182.899,4348197.02,0.000,
pile366,355182.899,4348199.695,0.000,
pile367,355186.379,4348197.02,0.000,
pile368,355186.379,4348199.695,0.000,
pile369,355189.85,4348197.02,0.000,
pile370,355189.85,4348199.695,0.000,
pile371,355193.314,4348197.02,0.000,
pile372,355193.314,4348199.695,0.000,
pile373,355196.781,4348197.02,0.000,
pile374,355196.781,4348199.695,0.000,
pile375,355200.249,4348197.02,0.000,
pile376,355200.249,4348199.695,0.000,
pile377,355203.707,4348197.02,0.000,
pile378,355203.707,4348199.695,0.000,
pile379,355207.16,4348197.02,0.000,
pile380,355207.16,4348199.695,0.000,
pile381,355210.62,4348197.02,0.000,
pile382,355210.62,4348199.695,0.000,
pile383,355214.09,4348197.02,0.000,
pile384,355214.09,4348199.695,0.000,
pile385,355217.56,4348197.02,0.000,
pile386,355217.56,4348199.695,0.000,
pile387,355221.014,4348197.02,0.000,
pile388,355221.014,4348199.695,0.000,
pile389,355224.466,4348197.02,0.000,
pile390,355224.466,4348199.695,0.000,
pile391,355227.928,4348197.02,0.000,
pile392,355227.928,4348199.695,0.000,
pile393,355231.39,4348197.02,0.000,
pile394,355231.39,4348199.695,0.000,
pile395,355234.847,4348197.02,0.000,
pile396,355234.847,4348199.695,0.000,
pile397,355238.312,4348197.02,0.000,
pile398,355238.312,4348199.695,0.000,
pile399,355241.781,4348197.02,0.000,
pile400,355241.781,4348199.695,0.000,
pile401,355245.247,4348197.02,0.000,
pile402,355245.247,4348199.695,0.000,
pile403,355248.706,4348197.02,0.000,
pile404,355248.706,4348199.695,0.000,
pile405,355252.158,4348197.02,0.000,
pile406,355252.158,4348199.695,0.000,
pile407,355255.623,4348197.02,0.000,
pile408,355255.623,4348199.695,0.000,
pile409,355259.105,4348197.02,0.000,
pile410,355259.105,4348199.695,0.000,
pile411,355262.591,4348197.02,0.000,
pile412,355262.591,4348199.695,0.000,
pile413,355266.074,4348197.02,0.000,
pile414,355266.074,4348199.695,0.000,
pile415,355269.565,4348197.02,0.000,
pile416,355269.565,4348199.695,0.000,
pile417,355273.06,4348197.02,0.000,
pile418,355273.06,4348199.695,0.000,
pile419,355276.554,4348197.02,0.000,
pile420,355276.554,4348199.695,0.000,
pile421,355280.047,4348197.02,0.000,
pile422,355280.047,4348199.695,0.000,
pile423,355283.539,4348197.02,0.000,
pile424,355283.539,4348199.695,0.000,
pile425,355285.867,4348197.02,0.000,
pile426,355285.867,4348199.695,0.000,
pile427,355288.196,4348197.02,0.000,
pile428,355288.196,4348199.695,0.000,
pile429,355290.523,4348197.02,0.000,
